100
7 8 5
1 3 1
266 880 945
513 513 257
3 4 2
530 654 861
513 513 512
501 12 330
471 755 194
137 414 127
610 854 560
359 374 386
914 134 26
148 742 144
687 622 725
512 512 513
161 14 88
760 654 375
222 86 27
509 720 333
2 4 2
1 5 5
3 1 2
283 625 571
103 143 88
565 333 243
366 999 74
52 534 834
1 1 1000
5 5 5
187 801 113
835 676 148
875 102 102
679 828 294
42 258 997
947 186 12
5 3 3
4 5 4
2 3 2
530 532 783
48 525 43
153 82 79
362 383 19
1 1 1
641 897 251
587 832 474
833 806 815
196 98 686
360 229 219
2 1 3
902 492 680
366 403 187
66 482 47
5 3 3
674 359 738
2 5 3
5 2 2
513 513 1
849 630 760
134 935 556
350 825 225
758 83 83
512 512 256
15 808 9
512 512 257
3 3 3
2 4 2
45 56 35
2 2 2
302 574 60
637 332 515
381 761 485
3 4 4
513 513 256
4 5 2
1 3 1
742 728 973
102 973 103
512 512 1
720 121 22
1000 1000 1
5 5 4
2 2 2
903 198 629
745 957 154
220 73 60
507 725 313
556 682 580
558 106 561
139 812 85
513 513 2
584 254 173
852 646 101
1 3 3
720 286 977
737 92 807
254 572 82
512 512 2
56 11 1
772 565 120
