100
1 2
01
00
1 6
110001
010001
1 6
111001
010110
10 8
11010100 10010010 10110010 00101110 01110101 01010101 00001110 11110100 11110110 11010110
00100111 11111111 11011111 01011100 10111011 11111101 01111100 10011011 11011101 00000111
3 9
000001000 010101011 111111111
000001100 111111011 101011000
3 7
0001111 0101011 1110010
1001111 0110010 1101011
6 10
0100011010 1001101011 1010001011 1101011010 1111101100 0001111010
0110101011 1000111011 1100100111 1100000011 1101011101 0010000101
3 7
0000100 1010100 1100110
0101110 0011100 1001100
2 8
01011110 11101011
10101011 00011110
10 10
1111101101 0001001001 1100000111 0100010011 1000010000 0011111100 0010111010 1100111111 1111100100 0011000010
0100001010 0101110010 0111111001 0010100011 0101001100 1001010100 1010110111 1110100000 1010001111 1001011101
2 5
11111 10010
01111 00010
5 4
1110 0111 1111 1100 1000
0001 1010 1001 0101 0010
5 9
101111111 000110011 011000110 100100101 000011001
010011111 110001001 110100011 011000101 101111100
3 8
00110110 00101000 00011101
11101111 00110011 11111001
10 10
1010011110 0010100010 0100110101 1111010000 0111101101 0001111111 1011001000 1001001000 1100010011 0100100111
0111000011 1100110100 1111111110 0010001101 1010110001 0100000000 0011011011 1100100110 1001101100 0001011011
9 9
000010110 111100010 111100100 010001000 000100011 001011111 001111001 101010111 101001110
001010011 111101110 101011011 000011010 001110101 000101111 010000100 111101000 101000010
5 6
100010 000000 110011 010001 110100
000010 100111 110110 000101 010100
10 10
1111001000 1011110010 0101101000 0100110001 0010101111 1001010100 0000011111 1101101111 0110000001 1010010110
1111001011 0101000010 1101111011 0000011100 1010111100 0110000000 1011100101 1001010101 0010111011 0100100110
10 10
0010010001 0110001101 0111011111 1000100010 1100111011 0001100101 0001011110 1011000110 1101110000 1110101000
0001110111 1101011001 0110100100 1011101111 1110000001 0001001100 1100010010 0111110110 0010111000 1000001011
6 8
01100011 01100010 01100111 10111011 10111111 10111010
10111111 01100010 01100111 10111010 10111110 01100110
10 10
1100010001 1111110000 1111101101 0001011010 0100110110 0111000101 0010101110 1000101011 1010001101 0001010010
0101100101 1110110010 1100010100 0011111010 1011010010 1011001111 1000101110 0110010001 0000001001 0101101101
10 10
1111010100 0101101011 0101100010 1110001010 0000011100 0010001111 1010110001 0001111110 1010100001 1101010101
0000000000 1111110100 1011101000 1100000101 0100101011 1011100001 1110010110 0001011110 0100111011 0011011111
3 6
010000 100110 011100
111010 110110 000000
7 5
11010 01101 11000 10111 10110 11100 01100
01011 00101 00001 10000 10001 01010 00111
10 10
1001010010 1100000100 0110100011 0001111100 1010000110 0001101101 0110101001 1111111110 1111011001 0000010011
0110000101 1101111111 0000000111 1010100000 1101101110 0011011010 0011111101 1010101010 0101010001 1100010000
10 10
1010011000 0100010100 0011101101 1100110001 1000000111 0111100010 1101011100 1111010010 0011101111 0000101011
0111010000 0100110011 1000001110 1000001100 1100000011 1011001010 0011100110 0110111101 0001111001 1111110101
7 9
111100000 101011100 110011000 000111101 000001000 101010111 010101110
011010000 011101000 011111111 010111111 010100011 001011000 110110010
7 5
00111 00011 00100 10010 11100 01001 10111
11010 10100 00001 10111 01111 00100 10000
10 10
1011110011 0101001111 0111000000 1011010110 1100101101 0110110001 1100111000 0000001000 1011100111 0000011110
0011100000 1111000110 0101001111 1000101000 1000001101 1111010011 0011110110 1000011001 0100111110 0110110001
10 10
0000111101 0011001101 1101000100 1101100000 0110011000 0111010010 0011001010 1000110111 1000110011 1110101111
1000000000 0011111010 0110101111 1101010111 1110011000 1101110011 0000001010 1000000100 0011111101 0111100101
10 10
0111011110 1000011001 0100001000 1111001110 1100100001 0001101011 0010110011 1011010110 1011110101 0100100100
1001001000 1010100111 1110011111 1101110011 0111101101 0100110101 0010001110 0001011000 0010100010 1101010000
8 7
0111010 0001011 1111110 0111000 1111100 0011011 1011111 1001111
1001110 0101001 0111001 1001100 1101101 0001000 0001010 1111101
2 10
1111011110 1111000101
1001100010 1101001101
4 9
111011000 110110001 010001001 010111111
111111000 010011111 110010001 010101001
8 9
111001101 001110100 110001001 111001001 000110000 001110000 110001011 000110010
111001101 001110100 001110110 000110000 110001101 000110100 111001111 110001001
4 10
0000111101 0111111011 0000100000 0000010101
1000110111 1000101010 1000011111 1111110001
2 4
1010 1111
1001 1100
10 10
1011000010 0101100110 0111010001 1011001101 0111111000 1100111000 1011010010 0111011001 1100011110 0011011111
1101001111 0010110010 1011011011 0000011110 1000010010 0101010101 1000000110 1000111010 0000100111 0011010001
10 10
0000010010 0110001011 1001101101 0010111111 1100000010 0011010101 1101000100 1101100000 1110111010 0011111101
0101100111 0111001010 1010111000 1001100010 1011011010 1010011100 0001010011 1110110101 0100001101 0100100101
10 10
1111011100 0011001110 0111111011 1000011100 1001101000 0110010111 1100100001 0010110001 1101100111 0000000010
1000101011 0011011011 1100001101 0010011101 0001100000 1110111110 1001000111 0111010100 1101110010 0110100000
9 9
001111001 010101111 001111111 001011010 001001011 110010000 101101001 111001100 110001001
110001111 100111101 010110101 011010011 111110100 101010001 011110000 000101110 110000101
4 3
111 011 001 101
000 010 110 100
10 10
1101001001 1101011000 1010111110 0000110010 0110010101 0011100111 1110001001 0001000101 1101100110 0010111010
0011101001 0100111001 0010011110 1111110100 0000010110 1000010010 0001001011 1111100101 1111001010 1100100101
10 10
0000011101 0011110101 1010010010 1011011110 0100001111 1111101000 1010101100 0101000001 1100100010 0101110011
0100000001 0010110101 1000011100 1101100110 1100101010 1011010110 0011111011 0111101001 0010000111 1101011000
10 10
1001010100 1100000000 0010110010 1111110011 0101101010 0110101100 1011000111 0010011011 1101101101 0000011101
1110100111 0000010101 1101010100 0010111010 0111001101 0000111100 1011110011 1001100000 1111001010 0100001011
10 10
1010011110 1011100111 1010111101 1101001001 0110101000 0000011000 1101100011 0111000100 0101110011 0000010110
1100000010 1010101100 0001001101 0000100001 1101011000 1101111011 0111110011 0111111101 1010000110 0010010110
1 4
0110
1100
4 9
011011011 110011000 001101011 100101000
111010010 010010001 000100001 101100010
4 9
000011100 110101110 000011000 110101010
001000001 001000101 111110111 111110011
10 10
1011111011 0001001000 1011110000 1100111011 0100000011 0010000110 1111001111 0100110100 0000001100 1111110101
1000100010 0110011111 1110010000 0001011111 0101101011 1011101100 0101010001 1110100111 1010101000 0001010100
8 6
100001 110111 110110 011001 111111 101001 111110 010001
011000 010000 111111 010001 001111 000111 011001 110111
8 4
0111 0010 0110 0000 1101 0011 1000 0001
0010 0001 1001 0110 0011 0000 0111 1100
10 10
0111111111 1111010100 0000010000 0101100001 0000010001 1110101110 1110001110 1001101001 0010000011 1001111110
1110001011 1110011100 0111110011 1001101100 0000011101 0101100001 1000110110 0010000011 0111110010 1001001100
10 10
0001010010 1111101101 0110000011 0000110000 1001001001 0110100110 1011111100 1000101001 1101011111 0110010110
1100000010 1100010111 0011001000 1100100111 1010110001 0111011110 1011010011 0010101000 0101101100 0001111101
10 10
1000010010 0110001011 0010101101 0000010110 0111011000 1001101010 1100100111 0111110100 1011100101 1101011001
0000110111 0100000100 0001001111 1001001011 0010111000 1110101001 1111010110 0101111010 1011110000 1110000101
2 9
000100100 000000000
010011101 000111101
10 10
0110000001 0001101110 0010010101 0001001001 1101110000 1101100011 1100011110 1011000100 1010111110 0110111011
1001110010 1101100110 1010001001 0110000100 1010101110 0111111001 0000100011 1101011100 0110010111 0001011001
10 10
1101010011 0111111100 0001100101 1000011111 0011110000 0011100111 1110011010 1100001100 1010001010 0100100001
0111011000 1010110001 0001011110 0110000111 1000100100 1100101000 1000110011 0101001110 0011001011 1111110101
10 10
1101000100 0010001110 0111101000 1100100010 0010100010 0111111101 0000010101 1011011001 1001110111 1100011011
0001110110 1111110110 0100101001 0011000001 0001011010 1111001111 1010100011 1110010000 1000001101 0100111100
10 10
1000001001 0001100101 0111010000 0011111001 1010010001 1010101010 1100111110 0100011111 1101000110 0111100110
1110000111 0011001011 1110110001 1010011000 0001101000 1101111110 0101011111 1000000100 0011110000 0100100111
10 10
0010011011 1001010001 0101001111 1010110111 0101111000 1010101110 0110110100 1001001000 1100100101 0111000010
1110101100 0001010000 0010101111 0100111101 1010000011 0010110110 1101010111 1111011010 0001001001 1101100000
8 5
00010 10011 11010 10001 10010 00011 11011 10000
11100 00100 01101 01110 01111 00101 11101 01100
10 10
1100000100 0111010011 1101101111 0000011001 1011001101 0110010010 0000101111 1011110010 0010100000 1101111100
0111010101 1011110100 1100001000 1010110101 0001011011 0001001000 0111101010 1100111110 1110000111 0000100011
10 9
111100101 111001110 100110100 110101110 000000010 101000011 011011001 010100001 101101010 011010000
010110110 100101100 000111011 101010100 011000001 100100101 111110111 001011011 010011111 000010000
10 10
1110011011 1011110011 0000110101 0110100110 1011001000 0011101010 0000000010 1101010100 1101011101 0100101101
0111100100 1010110010 1110011101 0111101101 1001011010 0001000011 1100010110 0001111000 1010000101 0100101011
2 10
1110110111 1110111101
0101110010 0101111000
8 4
0000 1000 1010 1101 0010 1111 0101 0111
1101 0101 0000 0111 1000 0010 1111 1010
3 9
010100001 111111000 001001111
101111000 110010000 100100110
1 2
11
11
10 10
1111001001 1111100010 1111011111 0010101010 0101100111 0001111100 1000010111 0010010100 1100110000 0000001001
1001011000 1101000011 0100101000 0011011101 0011100000 1110101011 0000001111 1110010101 0011110110 1100110110
10 10
1000100100 0101111111 1010001011 0011010000 0111000101 1110010010 1001111010 1100101001 0111010111 0000101100
1100011011 0001000000 0100010011 1101000101 0111101111 1110110100 0011111010 1000010110 0011101000 1010101101
2 6
010111 010011
001011 001111
10 10
1110011110 1011110110 0101010001 0100001000 0110100110 1110000001 1001101011 1001011101 0000101100 0011110011
1100010000 0011101011 1011010011 0001000101 1011001100 0000011100 1110111011 0110111110 0101100001 1100100110
10 10
1111111110 1010111000 1001110110 1101000100 0111101101 0111011101 0000000011 1010100001 0000000010 0100011011
1110001001 0100101011 1001100111 1010010001 0011001110 1001010111 0001110100 1110001000 0111111100 0100110010
2 7
1100000 1001010
0011001 0110011
10 10
1100110100 0011010001 0101101111 1110111011 1000000000 0011011010 0111111110 0011000101 1100000101 1000101010
0000001010 0100111110 1111110100 0110110001 1011010000 0100001111 1101100101 0000100000 1011011011 1011001111
1 6
001101
001011
3 10
0000000000 0111101011 1110010111
0100000010 0011101001 1010010101
10 10
0111011001 1101000101 1011010011 1101100110 0000101010 0000111100 0010000010 1110001100 0001110111 1110111001
1010111001 0101111110 1001000101 1100101111 1010011010 0000100101 0110001011 1001110000 0111000000 0111010110
3 5
10000 00101 01000
10110 00011 11011
10 10
0110011101 1100011000 1101000111 1010000110 0000111111 1001000011 0000100110 1000001111 0110100100 1001111001
0001011001 1000111100 1001001100 1111001101 0100100100 1111101001 1010111111 0001111111 0010111100 0110011100
4 5
00000 01000 00101 01101
10101 10000 11000 11101
10 10
1011011001 0110001100 0010111001 0000001011 1001100101 1010101110 1100110110 0101000011 0101010110 1111110000
0010100111 1000010100 0111101111 1100111101 0001101000 1101001010 0101011101 1110000001 0010110010 1011010010
10 10
1110101000 0000001110 0000110100 0101110111 0010011001 1101001101 1000100000 1111011010 1011100011 0111010111
1010110011 0101100111 1100011101 0111110000 0010001001 0111001010 0000101001 1000100100 1111011110 1001010110
6 10
1101100101 1111101100 1111100001 0110111110 0100110111 0110110011
1101000101 0110010011 0100010111 0100011010 1101001000 1111000001
10 10
1001010010 0101100111 1011001101 1100111101 0100010100 0001001011 0011110000 1010100001 1110111010 0110001110
0011000010 1101110111 0000110001 0010101110 1000101000 1010010011 1100000100 0111011001 0101011110 1111101101
8 8
11100001 10000101 11011101 10001000 01011100 10010111 01101001 00001111
10001100 01011001 01000101 01101101 00010000 10000110 10110001 10001011
10 10
1001000110 0000110001 1011010000 0111110100 0110111111 1010101010 0110101001 1000001111 0101010101 1101001010
0000000101 1111111010 0001111111 0011101001 0111100101 0010100000 1100010000 1100000110 1101011011 1010011110
3 8
10000000 10100111 11111001
01011100 00000010 01111011
10 10
1111011100 1110001001 0110110111 0100101000 0010000100 1001111011 1001011110 0100110011 1001100101 0011000010
1001011111 0010101011 0101000001 1111100110 0000110100 1111011101 1111111000 0100000111 1000001010 0010110000
1 6
001000
010000
10 9
111010010 000111101 100010001 101010001 100000001 111100010 001011100 000110011 011010010 001110000
110000101 001011101 111101000 110010111 000000011 000111010 110101000 111110110 000110000 011100110
6 10
1001100101 0110100010 0001101001 0011001010 1011100011 0001001110
0011101101 1001000010 1100101010 1011100001 1011000110 0001101011
8 4
1101 1100 0100 0101 1000 1001 0111 0110
1100 1101 1111 0110 0010 0011 1110 0111
10 10
1100001101 0011010101 0111101011 0111100000 1100011111 0000111110 0011110000 1101101000 1010010111 1000000010
0000100011 0001010100 1111001100 1111101001 1011010111 1100000010 0110101011 0100111110 1011011100 0000110001
2 7
0001101 1010101
0101101 1110101
10 10
0101100001 0111010100 1110111100 1010100110 0110000011 1000111100 0001111011 1000000000 1001001011 0111011111
1010010001 0011111001 1011000110 0101111001 1000100100 1010011010 1100111110 0111100011 0101000101 0100001110
5 10
1111111001 1001110111 0000011011 1111100001 1011100101
0111100100 0011111010 0101111110 1101100101 0111101010
10 10
1101001001 0010010110 0111001010 1011010000 0100111111 1111010101 0000101101 0000101010 1010110011 1101100100
1101010000 0110111010 1001010101 0010101111 1111001100 0101001111 0010101000 0000010011 1111100001 1000110110
2 8
01101000 10101000
01001101 10001101
