100
1 2
00
01
4 6
011101 000011 100010 111100
100010 000011 011101 111100
7 7
0011111 0010011 1110001 0101110 0111110 0011110 0000110
0110011 0111111 0111110 1010001 0100110 0011110 0001110
10 10
0011110001 0111001000 1011110100 0001001100 1010111110 1100010001 1100110111 1101101110 0100001011 0010000011
0111010110 0000110011 1001000100 0001111001 0110101001 0111110000 1100001111 1111001100 1010001011 1000110110
2 5
11010 01001
00100 00001
7 5
00101 11101 10111 10011 00001 00100 11011
10001 10101 11111 00110 00011 11001 00111
10 10
0001001111 1101110110 0000111101 0010000101 0110001110 1111010000 1100110000 1011011011 1110100000 0001101011
1001110000 1110110001 0111101111 1001010100 0011100100 0100001111 0101001001 0110011111 1000000010 1010111010
10 10
0111101101 0000100000 1001100100 1010011011 1011010111 0000011110 0100010000 1111100100 1100011011 0111101011
1001010101 1001101011 0000101111 0011010000 1110100000 1101011011 1110100110 0010011100 0101010000 0110101111
10 10
1001001100 0001111001 1111101010 1100000001 0011110100 0010011010 1101100111 0000010100 1110111111 0110000011
0110110001 1010101111 1000100010 0000010111 0101011010 0111100100 0100111100 1001001111 1011000001 1111011000
10 10
1100010011 0111000101 0110101101 1000111111 1011000000 0101100000 0000001110 1100111100 1011010010 0011111011
1011101100 1100100111 0000111010 1111010010 0000010101 1010000100 0100010110 0111111011 1001001001 0111101001
1 3
110
011
6 8
11011001 10111011 10011110 11100100 11010010 11000101
00101110 00010011 01001100 00100101 00110010 01101001
10 10
0101000000 0111101001 1000111000 0101011111 1011111101 1100010010 1010100001 0001100110 1110011110 0010000111
1011111000 1000011001 0001100011 0100000000 0010100110 1101110111 0110001100 0000111111 1111011110 1111000001
10 10
1110011101 0001101111 1000010000 0010110000 0000001000 0111101111 1011011111 1100100000 0111110111 1101000010
1001111011 1100111001 1010110100 0011001011 1110000100 1111100110 0101010011 0101001011 0000010100 0010101100
10 10
0011001011 0000000010 0111111001 1100011100 1110101010 0001010100 1000100101 1011010101 0111100110 1100111011
0110001000 1010110001 1011100111 0010010110 1001111000 0110101111 1101001010 0001100110 0100011001 1101010101
4 4
1001 1110 0010 0101
1000 1110 0110 0101
10 10
0100111111 0110110001 1010111000 0100011111 0011000011 1011000100 1100111000 1101001000 1001000110 0011100111
1001111000 0010000001 1111110100 0000101111 1000001000 1101110110 1110001000 0111110011 0000001111 0111010111
10 10
0100110001 1001011010 0111000011 0100000101 1010101101 1011011000 1101000111 0000111110 1010101110 0111110000
1100100110 0101100100 1111010011 0011111011 1100010010 0001111001 1000011101 0010001101 0010001110 1111100000
8 9
001010010 110001100 011101110 110100010 010010011 110101000 000000001 010010101
011111010 000100100 101001010 100101010 111010100 000101111 011100000 001101011
10 10
1011100000 1010001101 0110000101 0100011111 0101110011 1001101010 0000011000 1110110100 1111111011 0001000110
0000110100 1001000110 0110101001 1110011000 1011001100 1111010111 0001101010 0101011111 0100110011 1010100001
8 8
10010111 11110100 10011011 11100000 11111000 01111000 00011011 10000011
01110100 11110100 00010111 11111000 10010111 10001111 11101100 10011011
2 6
101111 000011
110101 001010
10 10
0100000001 1001111111 0101111000 0110111001 1110000110 0001110000 1111010111 0000001110 1010000010 1011101101
1000101001 1110011110 0010100101 0011001010 1001010111 1101011111 0110100001 0111110000 1100100110 0001011000
6 6
000111 111010 000110 110110 011111 111101
100111 010110 100110 111111 011101 011010
2 3
001 011
101 111
10 10
0100000101 0101010110 0000000001 1011101110 0111010011 1000111000 1110111110 0011001110 1110111001 1001100001
0101000010 1011110000 1100101000 1100101111 1010101001 0010010000 1001111111 0111000111 0110010100 0001011111
1 3
010
110
1 10
0111011010
0110011101
2 7
0010000 0011000
0111100 0110100
8 8
01001111 01101110 00101111 11010111 10110111 11010001 11110110 01001001
01101101 11010100 11110101 01101011 00001101 11110011 10010101 01001100
10 10
1011101110 1000111010 0011001110 1110110110 0001010001 1100000011 0110010000 1110101101 0001111101 0101000001
1010111011 0101000111 0101101011 1000010101 1111111000 0001010111 1010100000 1100101100 0111011000 0010000110
2 4
1000 0010
0110 1100
10 10
1000000001 1100101110 0101001101 1100111110 0011010111 1010100000 1101111011 0110000101 0011011000 0011110010
0110011100 1100100111 0110001100 1001111010 1001010000 0010100011 1001110101 1111101111 0000000010 0111011001
6 6
100101 001000 100100 001010 000101 110001
011101 000110 010011 100100 101000 110110
10 10
1110010001 0000111000 0011100100 0101011011 1000101110 1111011001 0010000110 0010101110 1101010101 1101100011
0000110110 0011000100 1100100001 0001111110 0011110010 0110001001 1100001001 1110011111 1011111100 1101000011
5 8
11101010 00100011 10110110 11100001 10000010
00000011 11001010 10010110 10100010 11000001
4 8
01011010 00100110 11111001 11011110
11110001 10001101 00001001 00101110
10 10
0001010101 0110111110 1001101100 0110000101 1100101011 1111000011 0010010011 1010111010 0101001000 1001110100
1010111010 1010100010 0101010011 1001101100 0010000011 0101101000 0110011110 1111111101 1100010101 0001000101
10 10
1000101111 1101000101 1100011100 0110011000 0101101011 0011100111 1110110000 0010101110 1001010011 0011010000
1011111000 0100000011 1101110100 0110101111 1110000111 1010110001 1011001111 0000110000 0001001100 0101011010
10 10
1100111011 0101000110 0010111111 1001101001 1001011010 0011010100 0010101010 1101100100 1110000001 0110010101
1001010100 1000001011 0110011010 1101011001 0001110110 0110001111 1010110001 0111100100 0010100101 1101101010
3 4
0110 1110 0001
1011 0011 0001
6 8
11011101 10100001 00110110 10011110 00010101 11011100
00011110 10010101 11010110 11010111 10101010 00111101
1 8
11010111
01100101
2 10
0111100110 0111011110
0001011001 0001100001
1 6
011011
101001
10 10
1011101010 0100000110 0011110001 1100111001 1010011101 1110011100 0011100111 1100001001 0101000010 0001110110
0000100000 1101001101 0100100001 1011111110 1101011011 0101010110 1010111010 0010000101 1111001010 0010110101
10 10
0001110111 0000111011 1110110001 0001001100 1100011001 0011111101 1111100010 1110001010 0100000110 1011000100
0110101111 1101010000 0011100001 1100100111 0011011010 0001110010 0010001001 1110010110 1100011100 1001101101
10 10
0001001101 1111100000 0010010111 0101111100 1000001011 0100100001 1011011110 1010100100 0100110011 1111011010
0001110000 1000111001 1001000011 1100000111 0110011011 0111000110 1100111101 0010101010 1011101100 0111010100
10 10
1101101010 0101101001 0000001001 0101010100 1010010101 1100100000 1010010110 1010010010 0111111111 0011101111
0010110110 1011001100 0010110101 0010110001 1000101010 0101001001 0100000011 1101001010 1101110111 1111011100
1 8
00101011
00001011
4 5
11101 11001 11000 00111
10111 01001 01000 01101
4 10
1010001110 0010101110 0010100010 1010000010
1101000011 0101101111 0101100011 1101001111
10 10
1101100001 0100100101 0101001000 1110011000 0011100110 1010111101 1000001010 0000110111 1111010110 0011011011
0001111011 1110011010 0011001100 1101110110 1010001000 0100010000 1101001011 1011100101 0110100111 0000110101
2 2
10 11
10 00
10 10
1010001101 0111000001 1111001111 0101100010 0100011000 1000110010 0011110010 1000010101 1110101110 0001111101
1000110000 0110000010 0100001101 0010011101 1111101010 1111001101 1101110010 1001010001 0000111110 0011100111
4 7
0111001 1100001 0001110 1110011
1101010 0001101 0101001 1011100
2 3
010 111
001 101
7 7
1100110 0011011 1100111 0110101 0001011 1101110 0110000
1011101 0110000 0001011 1010101 0001110 0100000 1011100
9 7
0010100 1010010 0110000 0011110 0110100 1001110 0110110 1010111 0000100
1111011 1010101 0110111 1100001 1010001 1010011 0101011 0110010 1110001
10 10
1111010001 0001100100 0110010010 1011001011 1001011111 0100110111 0111100101 1100101100 0000101000 1010011010
1001100110 0001010010 0111010011 1111101000 1101111100 1010011011 0000100101 0010000000 0110011111 1100101101
10 10
1000110111 1011010100 0111010001 0000111001 0111000111 1110101011 1100111000 0001001110 1011000010 0100101100
1011110111 1101101011 1110001000 1001100100 0001110000 0010011011 1110011110 0101100101 0100010010 0010001101
7 9
110001001 101110000 000011010 011001011 101011001 100010100 100110011
000000101 001000110 100101100 010111111 111111101 000100010 001101111
6 4
0010 0001 1010 1100 0101 0000
0001 1011 0011 1101 0100 0000
2 4
0111 1110
0111 0110
4 4
1011 1101 0101 0011
1010 1100 0100 0010
10 10
0001011110 1000001011 1111110101 0110101001 1011000101 0100111001 1100110000 0000110110 1011001010 0111000110
1110010000 0001100011 1110011111 1010101111 0101101100 0010011100 0011110011 0100000100 1101010001 1001101010
10 10
0001010101 1010001101 0101010111 0000110010 0100101010 1110001001 1101110110 1011101000 0111000100 1010111011
1010001011 0000101000 1111101010 0101010111 0001010101 0100110000 1110111001 1110001111 0011000110 1001110100
10 10
1000011101 1010111101 0110011000 1011100110 0001000100 0110001010 1110110011 1001001010 0101100111 0101110001
1110001001 1101110010 0000001100 1000100111 0111010000 0000011110 0011100101 1100101001 1111011110 0011110011
10 10
0111001011 0010110011 1100101110 0110100010 1001010100 1101011011 0000101101 1100010000 1011101101 0011010100
0000100111 1110111000 1010110111 0111000001 0101011111 1011000010 0100111000 1011111100 1100000001 0001001110
2 9
101010011 110001001
110101100 101110110
4 4
0001 1110 0110 1001
0001 1110 1000 0000
2 6
111100 110101
101100 100101
10 10
0010110100 1100101111 1111000010 1111011000 0100010010 0100001000 0001111101 1011101011 1011110111 0000000101
1111010110 1111001100 0100011100 0111110001 0100000110 1010100011 0000110101 1001101010 0000101001 1011011011
10 10
1000111100 0011110010 1101001101 0110011001 0000100011 1111111111 0101001110 0010010101 1010100000 1101000010
1011011111 0000010001 1101100011 0101100000 1000001110 1110110100 1010111000 0101101111 0010001101 0111010010
8 10
0001011101 0011111010 1101100100 1100111000 0010101011 1101111011 1110001000 0001010100
0101001011 0101010100 1010011011 1001101101 0100001000 1011001010 1001100100 0110111000
10 10
0110101110 1001100101 1000101110 0000000101 1010100001 0101010010 0111010010 1110111011 0011011001 1101011100
1111011000 0111001101 1000000110 0110110001 0010111010 1100111111 0001100110 1001001101 1011000010 0100110001
1 10
1011010001
1010110101
10 10
0011010110 1000001101 1011001101 1011101100 0000100000 1111101111 1100101111 0011100000 0000010110 1000101100
0111100101 0111010011 1111001000 0100100101 1000101010 1111101001 0100010011 1100101001 1100001000 1011101010
4 7
0110000 1011000 0100001 1001001
1100001 1110000 0001001 0011000
5 4
1000 0100 0101 1011 1010
1001 0101 1000 0110 0111
1 4
0100
1110
4 3
001 010 110 101
001 101 110 010
3 4
0011 0001 1000
1101 0110 0100
10 10
1000010010 0110001110 0010110010 1001101111 0111100011 1010110101 1101001100 1110111000 0101010101 0001001001
0000011011 1111100101 1010110100 1100011110 0100111000 1000000010 0101000101 1011011001 0011101111 0111100010
4 5
01010 01001 01110 01101
10010 10110 10001 10101
4 9
101111011 111011100 000111101 000100111
110001110 011001110 001111010 110010100
10 10
0111100011 1001010011 1011010100 0100100111 0001011000 0000101011 0101011100 1010111010 1110100100 1110001101
1100111100 1001000011 1010000111 1000111000 0011000000 0011101001 0111011110 0110110000 1101001111 0100110111
4 4
0011 0010 0000 0001
1101 1111 1110 1100
10 10
0010111010 1101100001 0111010011 0000010110 1111111110 1010010001 0100101111 1011001001 1001000100 0100101100
1010111100 1000010000 0011001111 0010010111 1100101010 0001000010 0101100111 1100101001 0111111000 1111010101
10 10
0101111011 0010101101 1100110111 1111100001 1011001110 1101110000 1100001001 0011000110 0010010010 0000011100
1110000000 0111001100 0010101011 1001111001 0001110001 1101010110 1110111110 1111000111 0000100101 0000011010
10 10
1111000010 0001101010 0100000111 1010110101 0111010101 1111100011 0001111100 0110101100 1000011010 1000011001
0100111111 1101001100 0100111100 1101011010 1011110011 1000100001 1010001010 0011100100 0011000101 0110010011
10 10
0011011111 1100100000 0011010011 0110011110 1101100101 0001111110 1010000001 1110010010 0001101100 1100101001
1100001101 0011100001 0011110011 1000011110 1110110110 0100000001 0001001100 0001000000 1111111010 1110111111
9 7
1000010 1110100 1001111 1101010 0000101 0011011 1110111 0110100 0111001
1101100 1011010 1110010 1101111 0011101 1010111 0101100 0100001 0000011
4 7
1101011 0101000 1100000 1101000
1011010 0011010 0010010 0011001
10 10
0000100000 0110001011 1111110010 0010111100 1001101011 1001001100 1011010111 1110010100 0101110001 0100001111
1101010110 0000001010 0011110000 1001110011 1111001101 1000010101 0100111101 0010001110 0110100001 1111101010
10 5
10000 00110 00001 11000 10010 01110 01001 11011 10011 11010
01010 11111 10111 00010 10110 01101 10100 11100 11110 00101
2 7
1101001 1011111
0010111 0100001
4 6
000100 010100 111111 101111
111011 010000 000000 101011
9 10
1100001100 1101011011 0001000101 1010101110 1111011001 1101110101 1011001100 0011111110 1001100001
0010000010 0110010110 1100001001 0011111011 0100111011 0010101100 0101011001 0000101110 1110110010
4 9
010011110 101100001 010010011 101101100
101101101 101100000 010011111 010010010
